Vertex Count: 156

Data:

0.828618 -1.1466 3.24272 0.004042 0.073298 -1 0 -0
0.828618 -1.1466 3.85427 0.309814 0.073298 -1 0 -0
0.828618 0.853404 3.24272 0.004042 -0.926702 -1 0 -0
0.828618 -1.1466 3.85427 0.446581 0.073298 0 0 1
1.12788 -1.1466 3.85427 0.596213 0.073298 0 0 1
0.828618 0.853404 3.85426 0.446581 -0.926702 0 0 1
1.12788 -1.1466 3.85427 0.309814 0.073298 1 0 -0
1.12788 -1.1466 3.24272 0.004042 0.073298 1 0 -0
1.12788 0.853404 3.85426 0.309814 -0.926702 1 0 -0
1.12788 -1.1466 3.24272 0.596213 0.073298 0 -0 -1
0.828618 -1.1466 3.24272 0.446581 0.073298 0 -0 -1
1.12788 0.853404 3.24272 0.596213 -0.926702 0 -0 -1
0.828618 -1.1466 3.85427 0.446581 0.690186 0 -1 -0
0.828618 -1.1466 3.24272 0.446581 0.995958 0 -1 -0
1.12788 -1.1466 3.85427 0.596213 0.690186 0 -1 -0
1.12788 0.853404 3.85426 0.596213 0.073298 0 -0 -1
1.12788 -0.098533 3.85427 0.596213 0.549267 0 -0 -1
0.828618 0.853404 3.85426 0.446581 0.073298 0 -0 -1
1.12788 1.0534 3.85426 0.596213 0.690186 0 1 -0
1.12788 1.0534 3.24272 0.596213 0.995958 0 1 -0
0.828618 1.0534 3.85426 0.446581 0.690186 0 1 -0
1.12788 0.853404 3.24272 0.004042 0.073298 1 0 -0
1.12788 1.0534 3.24272 0.004042 -0.026702 1 0 -0
1.12788 0.853404 3.85426 0.309814 0.073298 1 0 -0
0.828618 0.853404 3.85426 0.309814 0.073298 -1 0 -0
0.828618 1.0534 3.85426 0.309814 -0.026702 -1 0 -0
0.828618 0.853404 3.24272 0.004042 0.073298 -1 0 -0
0.828618 0.853404 3.24272 0.446581 0.073298 0 -0 -1
0.828618 1.0534 3.24272 0.446581 -0.026702 0 -0 -1
1.12788 0.853404 3.24272 0.596213 0.073298 0 -0 -1
1.12788 1.0534 4.35427 0.559814 0.973298 1 0 -0
1.12788 1.0534 4.92724 0.846298 0.973298 1 0 -0
1.12788 0.853404 4.35427 0.559814 1.0733 1 0 -0
0.828618 0.853404 3.85426 0.309814 0.073298 -1 0 -0
0.828618 0.853404 4.35427 0.559814 0.073298 -1 0 -0
0.828618 1.0534 3.85426 0.309814 -0.026702 -1 0 -0
1.12788 1.0534 3.85426 0.309814 0.973298 1 0 -0
1.12788 1.0534 4.35427 0.559814 0.973298 1 0 -0
1.12788 0.853404 3.85426 0.309814 1.0733 1 0 -0
0.828618 1.0534 3.85426 0.446581 0.690186 0 1 -0
0.828618 1.0534 4.35427 0.446581 0.440186 0 1 -0
1.12788 1.0534 3.85426 0.596213 0.690186 0 1 -0
1.12788 0.853404 4.92724 0.596213 0.073298 0 0 1
1.12788 1.0534 4.92724 0.596213 -0.026702 0 0 1
0.828618 0.853404 4.92724 0.446581 0.073298 0 0 1
0.828618 1.0534 4.35427 0.446581 0.440186 0 1 -0
0.828618 1.0534 4.92724 0.446581 0.153702 0 1 -0
1.12788 1.0534 4.35427 0.596213 0.440186 0 1 -0
0.828618 0.853404 4.35427 0.559814 0.073298 -1 0 -0
0.828618 0.853404 4.92724 0.846298 0.073298 -1 0 -0
0.828618 1.0534 4.35427 0.559814 -0.026702 -1 0 -0
1.12788 0.853404 4.92724 0.846298 0.073298 1 0 -0
1.12788 -1.15752 4.92724 0.846298 1.07876 1 0 -0
1.12788 0.853404 4.35427 0.559814 0.073298 1 0 -0
1.12788 -1.15752 4.35427 0.596213 0.440186 0 -1 -0
1.12788 -1.15752 4.92724 0.596213 0.153702 0 -1 -0
0.828618 -1.15752 4.35427 0.446581 0.440186 0 -1 -0
0.828618 0.853404 4.92724 0.446581 0.073298 0 0 1
0.828618 -1.15752 4.92724 0.446581 1.07876 0 0 1
1.12788 0.853404 4.92724 0.596213 0.073298 0 0 1
0.828618 0.853404 4.35427 0.559814 0.073298 -1 0 -0
0.828618 -1.15752 4.35427 0.559814 1.07876 -1 0 -0
0.828618 0.853404 4.92724 0.846298 0.073298 -1 0 -0
1.12788 0.853404 4.35427 0.596213 0.073298 0 -0 -1
1.12788 -1.15752 4.35427 0.596213 1.07876 0 -0 -1
0.828618 0.853404 4.35427 0.446581 0.073298 0 -0 -1
1.12788 -0.098533 3.85427 0.596213 0.690186 0 -1 -0
1.12788 -0.098533 4.35427 0.596213 0.440186 0 -1 -0
0.828618 -0.098533 3.85427 0.446581 0.690186 0 -1 -0
1.12788 0.853404 4.35427 0.559814 0.073298 1 0 -0
1.12788 -0.098533 4.35427 0.559814 0.549267 1 0 -0
1.12788 0.853404 3.85426 0.309814 0.073298 1 0 -0
0.828618 0.853404 3.85426 0.309814 0.073298 -1 0 -0
0.828618 -0.098533 3.85427 0.309814 0.549267 -1 0 -0
0.828618 0.853404 4.35427 0.559814 0.073298 -1 0 -0
0.828618 0.853404 4.35427 0.446581 0.073298 0 0 1
0.828618 -0.098533 4.35427 0.446581 0.549267 0 0 1
1.12788 0.853404 4.35427 0.596213 0.073298 0 0 1
0.828618 -1.1466 3.85427 0.309814 0.073298 -1 0 -0
0.828618 0.853404 3.85426 0.309814 -0.926702 -1 0 -0
0.828618 0.853404 3.24272 0.004042 -0.926702 -1 0 -0
1.12788 -1.1466 3.85427 0.596213 0.073298 0 0 1
1.12788 0.853404 3.85426 0.596213 -0.926702 0 0 1
0.828618 0.853404 3.85426 0.446581 -0.926702 0 0 1
1.12788 -1.1466 3.24272 0.004042 0.073298 1 0 -0
1.12788 0.853404 3.24272 0.004042 -0.926702 1 0 -0
1.12788 0.853404 3.85426 0.309814 -0.926702 1 0 -0
0.828618 -1.1466 3.24272 0.446581 0.073298 0 -0 -1
0.828618 0.853404 3.24272 0.446581 -0.926702 0 -0 -1
1.12788 0.853404 3.24272 0.596213 -0.926702 0 -0 -1
0.828618 -1.1466 3.24272 0.446581 0.995958 0 -1 -0
1.12788 -1.1466 3.24272 0.596213 0.995958 0 -1 -0
1.12788 -1.1466 3.85427 0.596213 0.690186 0 -1 -0
1.12788 -0.098533 3.85427 0.596213 0.549267 0 -0 -1
0.828618 -0.098533 3.85427 0.446581 0.549267 0 -0 -1
0.828618 0.853404 3.85426 0.446581 0.073298 0 -0 -1
1.12788 1.0534 3.24272 0.596213 0.995958 0 1 -0
0.828618 1.0534 3.24272 0.446581 0.995958 0 1 -0
0.828618 1.0534 3.85426 0.446581 0.690186 0 1 -0
1.12788 1.0534 3.24272 0.004042 -0.026702 1 0 -0
1.12788 1.0534 3.85426 0.309814 -0.026702 1 0 -0
1.12788 0.853404 3.85426 0.309814 0.073298 1 0 -0
0.828618 1.0534 3.85426 0.309814 -0.026702 -1 0 -0
0.828618 1.0534 3.24272 0.004042 -0.026702 -1 0 -0
0.828618 0.853404 3.24272 0.004042 0.073298 -1 0 -0
0.828618 1.0534 3.24272 0.446581 -0.026702 0 -0 -1
1.12788 1.0534 3.24272 0.596213 -0.026702 0 -0 -1
1.12788 0.853404 3.24272 0.596213 0.073298 0 -0 -1
1.12788 1.0534 4.92724 0.846298 0.973298 1 0 -0
1.12788 0.853404 4.92724 0.846298 1.0733 1 0 -0
1.12788 0.853404 4.35427 0.559814 1.0733 1 0 -0
0.828618 0.853404 4.35427 0.559814 0.073298 -1 0 -0
0.828618 1.0534 4.35427 0.559814 -0.026702 -1 0 -0
0.828618 1.0534 3.85426 0.309814 -0.026702 -1 0 -0
1.12788 1.0534 4.35427 0.559814 0.973298 1 0 -0
1.12788 0.853404 4.35427 0.559814 1.0733 1 0 -0
1.12788 0.853404 3.85426 0.309814 1.0733 1 0 -0
0.828618 1.0534 4.35427 0.446581 0.440186 0 1 -0
1.12788 1.0534 4.35427 0.596213 0.440186 0 1 -0
1.12788 1.0534 3.85426 0.596213 0.690186 0 1 -0
1.12788 1.0534 4.92724 0.596213 -0.026702 0 0 1
0.828618 1.0534 4.92724 0.446581 -0.026702 0 0 1
0.828618 0.853404 4.92724 0.446581 0.073298 0 0 1
0.828618 1.0534 4.92724 0.446581 0.153702 0 1 -0
1.12788 1.0534 4.92724 0.596213 0.153702 0 1 -0
1.12788 1.0534 4.35427 0.596213 0.440186 0 1 -0
0.828618 0.853404 4.92724 0.846298 0.073298 -1 0 -0
0.828618 1.0534 4.92724 0.846298 -0.026702 -1 0 -0
0.828618 1.0534 4.35427 0.559814 -0.026702 -1 0 -0
1.12788 -1.15752 4.92724 0.846298 1.07876 1 0 -0
1.12788 -1.15752 4.35427 0.559814 1.07876 1 0 -0
1.12788 0.853404 4.35427 0.559814 0.073298 1 0 -0
1.12788 -1.15752 4.92724 0.596213 0.153702 0 -1 -0
0.828618 -1.15752 4.92724 0.446581 0.153702 0 -1 -0
0.828618 -1.15752 4.35427 0.446581 0.440186 0 -1 -0
0.828618 -1.15752 4.92724 0.446581 1.07876 0 0 1
1.12788 -1.15752 4.92724 0.596213 1.07876 0 0 1
1.12788 0.853404 4.92724 0.596213 0.073298 0 0 1
0.828618 -1.15752 4.35427 0.559814 1.07876 -1 0 -0
0.828618 -1.15752 4.92724 0.846298 1.07876 -1 0 -0
0.828618 0.853404 4.92724 0.846298 0.073298 -1 0 -0
1.12788 -1.15752 4.35427 0.596213 1.07876 0 -0 -1
0.828618 -1.15752 4.35427 0.446581 1.07876 0 -0 -1
0.828618 0.853404 4.35427 0.446581 0.073298 0 -0 -1
1.12788 -0.098533 4.35427 0.596213 0.440186 0 -1 -0
0.828618 -0.098533 4.35427 0.446581 0.440186 0 -1 -0
0.828618 -0.098533 3.85427 0.446581 0.690186 0 -1 -0
1.12788 -0.098533 4.35427 0.559814 0.549267 1 0 -0
1.12788 -0.098533 3.85427 0.309814 0.549267 1 0 -0
1.12788 0.853404 3.85426 0.309814 0.073298 1 0 -0
0.828618 -0.098533 3.85427 0.309814 0.549267 -1 0 -0
0.828618 -0.098533 4.35427 0.559814 0.549267 -1 0 -0
0.828618 0.853404 4.35427 0.559814 0.073298 -1 0 -0
0.828618 -0.098533 4.35427 0.446581 0.549267 0 0 1
1.12788 -0.098533 4.35427 0.596213 0.549267 0 0 1
1.12788 0.853404 4.35427 0.596213 0.073298 0 0 1
