Vertex Count: 36

Data:

-1.0424 -1.15401 3.08531 0.905007 0.972463 -1 0 -0
-1.0424 -1.15401 5.11231 1.9393 0.972463 -1 0 -0
-1.0424 -1.01303 3.08531 0.905007 0.896019 -1 0 -0
-1.0424 -1.15401 5.11231 0.486567 0.972463 -0 0 1
1.11613 -1.15951 5.11231 1.60214 0.972463 -0 0 1
-1.0424 -1.01303 5.11231 0.486567 0.896019 -0 0 1
1.11613 -1.15951 5.11231 0.9393 0.972463 1 0 -0
1.11613 -1.15951 3.08531 -0.094993 0.972463 1 0 -0
1.11613 -1.01853 5.11231 0.9393 0.896019 1 0 -0
1.11613 -1.15951 3.08531 0.602137 0.972463 -0 -0 -1
-1.0424 -1.15401 3.08531 -0.513433 0.972463 -0 -0 -1
1.11613 -1.01853 3.08531 0.602137 0.896019 -0 -0 -1
-1.0424 -1.15401 5.11231 0.486567 0.0607 -0.0025 -1 0
-1.0424 -1.15401 3.08531 0.486567 1.09499 -0.0025 -1 0
1.11613 -1.15951 5.11231 1.60214 0.0607 -0.0025 -1 0
1.11613 -1.01853 5.11231 0.602137 0.0607 0.0025 1 -0
1.11613 -1.01853 3.08531 0.602137 1.09499 0.0025 1 -0
-1.0424 -1.01303 5.11231 -0.513433 0.0607 0.0025 1 -0
-1.0424 -1.15401 5.11231 1.9393 0.972463 -1 0 -0
-1.0424 -1.01303 5.11231 1.9393 0.896019 -1 0 -0
-1.0424 -1.01303 3.08531 0.905007 0.896019 -1 0 -0
1.11613 -1.15951 5.11231 1.60214 0.972463 -0 0 1
1.11613 -1.01853 5.11231 1.60214 0.896019 -0 0 1
-1.0424 -1.01303 5.11231 0.486567 0.896019 -0 0 1
1.11613 -1.15951 3.08531 -0.094993 0.972463 1 0 -0
1.11613 -1.01853 3.08531 -0.094993 0.896019 1 0 -0
1.11613 -1.01853 5.11231 0.9393 0.896019 1 0 -0
-1.0424 -1.15401 3.08531 -0.513433 0.972463 -0 -0 -1
-1.0424 -1.01303 3.08531 -0.513433 0.896019 -0 -0 -1
1.11613 -1.01853 3.08531 0.602137 0.896019 -0 -0 -1
-1.0424 -1.15401 3.08531 0.486567 1.09499 -0.0025 -1 0
1.11613 -1.15951 3.08531 1.60214 1.09499 -0.0025 -1 0
1.11613 -1.15951 5.11231 1.60214 0.0607 -0.0025 -1 0
1.11613 -1.01853 3.08531 0.602137 1.09499 0.0025 1 -0
-1.0424 -1.01303 3.08531 -0.513433 1.09499 0.0025 1 -0
-1.0424 -1.01303 5.11231 -0.513433 0.0607 0.0025 1 -0
