Vertex Count: 36

Data:

-1.13481 1.06104 2.98203 0.905007 0.972463 -1 0 -0
-1.13481 1.06104 5.20547 1.9393 0.972463 -1 0 -0
-1.13481 1.21393 2.98203 0.905007 0.896019 -1 0 -0
-1.13481 1.06104 5.20547 0.486567 0.972463 -0 0 1
1.23717 1.05507 5.20547 1.60214 0.972463 -0 0 1
-1.13481 1.21393 5.20547 0.486567 0.896019 -0 0 1
1.23717 1.05507 5.20547 0.9393 0.972463 1 0 -0
1.23717 1.05507 2.98203 -0.094993 0.972463 1 0 -0
1.23717 1.20796 5.20547 0.9393 0.896019 1 0 -0
1.23717 1.05507 2.98203 0.602137 0.972463 -0 0 -1
-1.13481 1.06104 2.98203 -0.513433 0.972463 -0 0 -1
1.23717 1.20796 2.98203 0.602137 0.896019 -0 0 -1
-1.13481 1.06104 5.20547 0.486567 0.0607 -0.0025 -1 0
-1.13481 1.06104 2.98203 0.486567 1.09499 -0.0025 -1 0
1.23717 1.05507 5.20547 1.60214 0.0607 -0.0025 -1 0
1.23717 1.20796 5.20547 0.602137 0.0607 0.0025 1 -0
1.23717 1.20796 2.98203 0.602137 1.09499 0.0025 1 -0
-1.13481 1.21393 5.20547 -0.513433 0.0607 0.0025 1 -0
-1.13481 1.06104 5.20547 1.9393 0.972463 -1 0 -0
-1.13481 1.21393 5.20547 1.9393 0.896019 -1 0 -0
-1.13481 1.21393 2.98203 0.905007 0.896019 -1 0 -0
1.23717 1.05507 5.20547 1.60214 0.972463 -0 0 1
1.23717 1.20796 5.20547 1.60214 0.896019 -0 0 1
-1.13481 1.21393 5.20547 0.486567 0.896019 -0 0 1
1.23717 1.05507 2.98203 -0.094993 0.972463 1 0 -0
1.23717 1.20796 2.98203 -0.094993 0.896019 1 0 -0
1.23717 1.20796 5.20547 0.9393 0.896019 1 0 -0
-1.13481 1.06104 2.98203 -0.513433 0.972463 -0 0 -1
-1.13481 1.21393 2.98203 -0.513433 0.896019 -0 0 -1
1.23717 1.20796 2.98203 0.602137 0.896019 -0 0 -1
-1.13481 1.06104 2.98203 0.486567 1.09499 -0.0025 -1 0
1.23717 1.05507 2.98203 1.60214 1.09499 -0.0025 -1 0
1.23717 1.05507 5.20547 1.60214 0.0607 -0.0025 -1 0
1.23717 1.20796 2.98203 0.602137 1.09499 0.0025 1 -0
-1.13481 1.21393 2.98203 -0.513433 1.09499 0.0025 1 -0
-1.13481 1.21393 5.20547 -0.513433 0.0607 0.0025 1 -0
