Vertex Count: 36

Data:

-0.864479 -1.15836 3.06872 -0.558326 0.837739 0 -0 -1
-1.06448 -1.15836 3.06872 -0.558326 0.937739 0 -0 -1
-0.864477 1.05945 3.06872 0.560447 0.837739 0 -0 -1
-1.06448 -1.15836 3.06872 0.134465 1.55833 -1 0 -0
-1.06448 -1.15836 5.11725 1.13446 1.55833 -1 0 -0
-1.06448 1.05945 3.06872 0.134465 0.439553 -1 0 -0
-1.06448 -1.15836 5.11725 -0.558326 0.937739 0 0 1
-0.864479 -1.15836 5.11725 -0.558326 0.837739 0 0 1
-1.06448 1.05945 5.11725 0.560447 0.937739 0 0 1
-0.864479 -1.15836 5.11725 0.134465 1.55833 1 -0 0
-0.864479 -1.15836 3.06872 -0.865535 1.55833 1 -0 0
-0.864477 1.05945 5.11725 0.134465 0.439553 1 -0 0
-1.06448 -1.15836 3.06872 -0.865535 0.937739 0 -1 0
-0.864479 -1.15836 3.06872 -0.865535 0.837739 0 -1 0
-1.06448 -1.15836 5.11725 0.134465 0.937739 0 -1 0
-1.06448 1.05945 5.11725 1.13446 0.937739 0 1 -0
-0.864477 1.05945 5.11725 1.13446 0.837739 0 1 -0
-1.06448 1.05945 3.06872 0.134465 0.937739 0 1 -0
-1.06448 -1.15836 3.06872 -0.558326 0.937739 0 -0 -1
-1.06448 1.05945 3.06872 0.560447 0.937739 0 -0 -1
-0.864477 1.05945 3.06872 0.560447 0.837739 0 -0 -1
-1.06448 -1.15836 5.11725 1.13446 1.55833 -1 0 -0
-1.06448 1.05945 5.11725 1.13446 0.439553 -1 0 -0
-1.06448 1.05945 3.06872 0.134465 0.439553 -1 0 -0
-0.864479 -1.15836 5.11725 -0.558326 0.837739 0 0 1
-0.864477 1.05945 5.11725 0.560447 0.837739 0 0 1
-1.06448 1.05945 5.11725 0.560447 0.937739 0 0 1
-0.864479 -1.15836 3.06872 -0.865535 1.55833 1 -0 0
-0.864477 1.05945 3.06872 -0.865535 0.439553 1 -0 0
-0.864477 1.05945 5.11725 0.134465 0.439553 1 -0 0
-0.864479 -1.15836 3.06872 -0.865535 0.837739 0 -1 0
-0.864479 -1.15836 5.11725 0.134465 0.837739 0 -1 0
-1.06448 -1.15836 5.11725 0.134465 0.937739 0 -1 0
-0.864477 1.05945 5.11725 1.13446 0.837739 0 1 -0
-0.864477 1.05945 3.06872 0.134465 0.837739 0 1 -0
-1.06448 1.05945 3.06872 0.134465 0.937739 0 1 -0
