Vertex Count: 36

Data:

-0.870719 -1.15836 3.07054 0.837739 0.079179 -1 0 -0
-0.870719 -1.15836 3.27055 0.937739 0.079179 -1 0 -0
-0.870719 1.05399 3.07054 0.837739 -1.03959 -1 0 -0
-0.870719 -1.15836 3.27055 0.596879 0.079179 0 0 1
1.12928 -1.15836 3.27055 1.59688 0.079179 0 0 1
-0.870719 1.05399 3.27054 0.596879 -1.03959 0 0 1
1.12928 -1.15836 3.27055 0.937739 0.079179 1 0 -0
1.12928 -1.15836 3.07054 0.837739 0.079179 1 0 -0
1.12928 1.05399 3.27054 0.937739 -1.03959 1 0 -0
1.12928 -1.15836 3.07054 0.596879 0.079179 0 -0 -1
-0.870719 -1.15836 3.07054 -0.403121 0.079179 0 -0 -1
1.12928 1.05399 3.07054 0.596879 -1.03959 0 -0 -1
-0.870719 -1.15836 3.27055 0.596879 0.062261 0 -1 -0
-0.870719 -1.15836 3.07054 0.596879 0.162261 0 -1 -0
1.12928 -1.15836 3.27055 1.59688 0.062261 0 -1 -0
1.12928 1.05399 3.27054 0.596879 0.062261 0 1 -0
1.12928 1.05399 3.07054 0.596879 0.162261 0 1 -0
-0.870719 1.05399 3.27054 -0.403121 0.062261 0 1 -0
-0.870719 -1.15836 3.27055 0.937739 0.079179 -1 0 -0
-0.870719 1.05399 3.27054 0.937739 -1.03959 -1 0 -0
-0.870719 1.05399 3.07054 0.837739 -1.03959 -1 0 -0
1.12928 -1.15836 3.27055 1.59688 0.079179 0 0 1
1.12928 1.05399 3.27054 1.59688 -1.03959 0 0 1
-0.870719 1.05399 3.27054 0.596879 -1.03959 0 0 1
1.12928 -1.15836 3.07054 0.837739 0.079179 1 0 -0
1.12928 1.05399 3.07054 0.837739 -1.03959 1 0 -0
1.12928 1.05399 3.27054 0.937739 -1.03959 1 0 -0
-0.870719 -1.15836 3.07054 -0.403121 0.079179 0 -0 -1
-0.870719 1.05399 3.07054 -0.403121 -1.03959 0 -0 -1
1.12928 1.05399 3.07054 0.596879 -1.03959 0 -0 -1
-0.870719 -1.15836 3.07054 0.596879 0.162261 0 -1 -0
1.12928 -1.15836 3.07054 1.59688 0.162261 0 -1 -0
1.12928 -1.15836 3.27055 1.59688 0.062261 0 -1 -0
1.12928 1.05399 3.07054 0.596879 0.162261 0 1 -0
-0.870719 1.05399 3.07054 -0.403121 0.162261 0 1 -0
-0.870719 1.05399 3.27054 -0.403121 0.062261 0 1 -0
